/home/gustavoneves/data/gemini/dataset/train/ssiv_bahia/flip-sample-00005525.png,165.0,181.0,268.0,257.0,51.0310516357,38.9139862061,87.1057434082,59.8035507202,19.8552093506,ssiv_bahia
/home/gustavoneves/data/gemini/dataset/train/balsa/sample-00001364.png,259.0,5.0,390.0,139.0,65.0,53.4999923706,143.020385742,88.8491287231,108.69303894,balsa
/home/gustavoneves/data/gemini/dataset/train/balsa/flip-sample-00002241.png,474.0,119.0,539.0,235.0,32.0,57.5,115.0,64.0,90.0,balsa
/home/gustavoneves/data/gemini/dataset/train/jequitaia/sample-00002699.png,176.0,143.0,536.0,277.0,181.808959961,66.523651123,377.375427246,90.9502792358,16.1443405151,jequitaia
/home/gustavoneves/data/gemini/dataset/train/ssiv_bahia/flip-sample-00002628.png,283.0,175.0,408.0,296.0,61.9131164551,61.9755859375,112.810653687,97.8895721436,105.708641052,ssiv_bahia
/home/gustavoneves/data/gemini/dataset/train/jequitaia/sample-00000466.png,203.0,88.0,554.0,296.0,171.577056885,104.952468872,389.756408691,96.0222167969,148.324539185,jequitaia
/home/gustavoneves/data/gemini/dataset/train/balsa/sample-00002559.png,380.0,326.0,459.0,370.0,38.0769042969,23.8846435547,75.5047149658,35.4970207214,168.690063477,balsa
/home/gustavoneves/data/gemini/dataset/train/jequitaia/sample-00004107.png,258.0,55.0,505.0,333.0,122.629425049,135.817657471,365.853210449,101.63192749,49.3987045288,jequitaia
/home/gustavoneves/data/gemini/dataset/train/balsa/flip-sample-00002583.png,415.0,269.0,492.0,375.0,38.0532226562,53.9139404297,106.651123047,67.4491348267,95.1944274902,balsa
/home/gustavoneves/data/gemini/dataset/train/ssiv_bahia/flip-sample-00002170.png,323.0,153.0,451.0,269.0,63.5260314941,58.5180206299,103.21672821,84.0533218384,124.695152283,ssiv_bahia
/home/gustavoneves/data/gemini/dataset/train/ssiv_bahia/sample-00004254.png,454.0,213.0,574.0,304.0,59.5,50.0,93.8097305298,74.9448852539,149.036239624,ssiv_bahia
/home/gustavoneves/data/gemini/dataset/train/jequitaia/flip-sample-00002305.png,230.0,179.0,599.0,292.0,185.904174805,54.8733673096,374.093780518,94.3072357178,8.92398834229,jequitaia
/home/gustavoneves/data/gemini/dataset/train/balsa/sample-00001739.png,290.0,196.0,370.0,302.0,39.5000305176,52.0000305176,105.591743469,53.2483215332,105.154067993,balsa
/home/gustavoneves/data/gemini/dataset/train/balsa/flip-sample-00001493.png,357.0,73.0,484.0,219.0,62.9480895996,75.4406585693,136.755264282,80.3804855347,67.2702636719,balsa
/home/gustavoneves/data/gemini/dataset/train/balsa/flip-sample-00000534.png,295.0,126.0,432.0,285.0,68.0000305176,79.0000152588,144.897201538,79.604019165,63.4349517822,balsa
/home/gustavoneves/data/gemini/dataset/train/ssiv_bahia/flip-sample-00001369.png,458.0,150.0,579.0,245.0,58.9909667969,47.041519165,112.502738953,72.8208847046,12.2647714615,ssiv_bahia
/home/gustavoneves/data/gemini/dataset/train/ssiv_bahia/sample-00004745.png,335.0,242.0,425.0,298.0,45.6989746094,27.9182739258,88.2043075562,49.9522094727,176.099502563,ssiv_bahia
/home/gustavoneves/data/gemini/dataset/train/balsa/sample-00001939.png,263.0,164.0,335.0,280.0,35.5,56.5,112.022956848,59.3031082153,96.170173645,balsa
/home/gustavoneves/data/gemini/dataset/train/ssiv_bahia/sample-00000222.png,327.0,189.0,455.0,300.0,63.5000305176,56.5,104.048072815,73.3757553101,140.754562378,ssiv_bahia
/home/gustavoneves/data/gemini/dataset/train/ssiv_bahia/sample-00002440.png,405.0,166.0,540.0,281.0,67.0,61.0000305176,112.56388092,82.9781417847,53.0170936584,ssiv_bahia
/home/gustavoneves/data/gemini/dataset/train/jequitaia/flip-sample-00002806.png,255.0,166.0,630.0,282.0,187.329376221,56.4823608398,378.97744751,87.6398849487,167.471191406,jequitaia
/home/gustavoneves/data/gemini/dataset/train/ssiv_bahia/sample-00004335.png,434.0,211.0,550.0,300.0,57.5,47.5000305176,94.0637664795,66.5282287598,148.212738037,ssiv_bahia
/home/gustavoneves/data/gemini/dataset/train/balsa/flip-sample-00002574.png,409.0,267.0,488.0,375.0,39.1700439453,56.8100280762,106.490280151,64.7709732056,98.1301040649,balsa
/home/gustavoneves/data/gemini/dataset/train/ssiv_bahia/sample-00004680.png,375.0,238.0,482.0,303.0,53.0,34.0,97.2736053467,54.1280555725,168.690063477,ssiv_bahia
/home/gustavoneves/data/gemini/dataset/train/jequitaia/flip-sample-00001466.png,139.0,101.0,425.0,341.0,138.744903564,124.678924561,367.768676758,101.312713623,40.9143829346,jequitaia
/home/gustavoneves/data/gemini/dataset/train/balsa/flip-sample-00003492.png,175.0,140.0,326.0,246.0,74.9611206055,49.605178833,133.419525146,74.2850875854,20.2825546265,balsa
/home/gustavoneves/data/gemini/dataset/train/balsa/sample-00000793.png,173.0,124.0,256.0,274.0,41.0,74.4999694824,149.573760986,80.9486999512,90.4034805298,balsa
/home/gustavoneves/data/gemini/dataset/train/balsa/sample-00003560.png,475.0,226.0,547.0,327.0,34.7696533203,50.3314819336,90.9931488037,53.3666610718,102.994621277,balsa
/home/gustavoneves/data/gemini/dataset/train/ssiv_bahia/sample-00002368.png,409.0,154.0,543.0,268.0,66.5,60.0000152588,106.835533142,85.4351730347,52.1772460938,ssiv_bahia
/home/gustavoneves/data/gemini/dataset/train/ssiv_bahia/sample-00005365.png,421.0,164.0,516.0,233.0,47.0000305176,34.5000152588,80.9138870239,51.4776000977,158.962493896,ssiv_bahia
/home/gustavoneves/data/gemini/dataset/train/balsa/sample-00000642.png,301.0,157.0,450.0,303.0,74.0,70.5,139.783203125,76.4568939209,129.588134766,balsa
/home/gustavoneves/data/gemini/dataset/train/balsa/sample-00002365.png,410.0,249.0,505.0,313.0,46.9999694824,31.0,84.731880188,45.3487472534,163.855667114,balsa
/home/gustavoneves/data/gemini/dataset/train/jequitaia/sample-00003381.png,111.0,166.0,470.0,314.0,181.376586914,78.2907104492,376.378753662,99.7013397217,14.4702911377,jequitaia
/home/gustavoneves/data/gemini/dataset/train/ssiv_bahia/flip-sample-00001428.png,522.0,200.0,654.0,291.0,65.4719238281,49.0449676514,110.027786255,71.8678588867,32.0053825378,ssiv_bahia
/home/gustavoneves/data/gemini/dataset/train/balsa/sample-00003364.png,430.0,182.0,577.0,276.0,73.0,45.0,133.846099854,70.719329834,167.471191406,balsa
/home/gustavoneves/data/gemini/dataset/train/balsa/sample-00000131.png,283.0,121.0,417.0,263.0,66.5,70.0000152588,133.529678345,71.012840271,123.566314697,balsa
/home/gustavoneves/data/gemini/dataset/train/balsa/sample-00002867.png,287.0,204.0,412.0,338.0,62.0,68.5,124.838737488,65.4239501953,123.959060669,balsa
/home/gustavoneves/data/gemini/dataset/train/ssiv_bahia/flip-sample-00000067.png,272.0,196.0,396.0,303.0,61.5520629883,54.9337615967,96.7171401978,76.4975280762,38.1572265625,ssiv_bahia
/home/gustavoneves/data/gemini/dataset/train/jequitaia/flip-sample-00004304.png,258.0,38.0,521.0,324.0,135.575439453,143.235824585,382.03012085,99.5772399902,132.510437012,jequitaia
/home/gustavoneves/data/gemini/dataset/train/balsa/sample-00003422.png,428.0,169.0,573.0,263.0,72.0000305176,45.0000305176,131.622344971,68.6116485596,166.504272461,balsa
/home/gustavoneves/data/gemini/dataset/train/jequitaia/flip-sample-00003999.png,232.0,73.0,523.0,316.0,142.379302979,118.551742554,368.846008301,99.6795043945,142.765167236,jequitaia
/home/gustavoneves/data/gemini/dataset/train/ssiv_bahia/flip-sample-00001907.png,336.0,139.0,476.0,270.0,69.5,65.5000152588,117.411773682,87.2709655762,126.326820374,ssiv_bahia
/home/gustavoneves/data/gemini/dataset/train/ssiv_bahia/sample-00005848.png,243.0,138.0,380.0,227.0,68.0,44.0,130.864273071,80.9601135254,176.15397644,ssiv_bahia
/home/gustavoneves/data/gemini/dataset/train/ssiv_bahia/sample-00003127.png,301.0,156.0,438.0,268.0,68.0,63.5,123.047775269,94.7641601562,113.523208618,ssiv_bahia
/home/gustavoneves/data/gemini/dataset/train/ssiv_bahia/sample-00001820.png,330.0,141.0,468.0,265.0,68.5000305176,63.5000305176,110.983543396,86.096786499,50.5529708862,ssiv_bahia
/home/gustavoneves/data/gemini/dataset/train/ssiv_bahia/sample-00005466.png,459.0,171.0,558.0,248.0,49.0,38.5,82.4933929443,58.5135917664,158.962493896,ssiv_bahia
/home/gustavoneves/data/gemini/dataset/train/ssiv_bahia/sample-00002854.png,333.0,144.0,461.0,271.0,63.5,63.0,116.238586426,105.269126892,78.084854126,ssiv_bahia
/home/gustavoneves/data/gemini/dataset/train/jequitaia/flip-sample-00004056.png,223.0,54.0,463.0,331.0,124.434448242,141.38621521,363.5730896,97.1632003784,131.633544922,jequitaia
/home/gustavoneves/data/gemini/dataset/train/jequitaia/flip-sample-00005746.png,289.0,62.0,492.0,282.0,105.770599365,112.259796143,288.035522461,76.3804931641,133.830856323,jequitaia
/home/gustavoneves/data/gemini/dataset/train/balsa/flip-sample-00000108.png,291.0,128.0,431.0,273.0,69.4783325195,73.5158996582,131.820343018,76.8235168457,53.7461624146,balsa
/home/gustavoneves/data/gemini/dataset/train/balsa/flip-sample-00003396.png,164.0,175.0,311.0,269.0,72.9687805176,44.6209716797,133.622268677,69.1224975586,14.4702911377,balsa
/home/gustavoneves/data/gemini/dataset/train/balsa/sample-00002078.png,210.0,152.0,278.0,273.0,33.5,59.9999847412,117.857284546,63.1716461182,87.990447998,balsa
/home/gustavoneves/data/gemini/dataset/train/jequitaia/flip-sample-00001878.png,136.0,159.0,480.0,320.0,169.194580078,84.8551940918,372.526184082,99.9591751099,19.6538238525,jequitaia
/home/gustavoneves/data/gemini/dataset/train/ssiv_bahia/flip-sample-00001875.png,308.0,150.0,446.0,271.0,68.5564575195,60.5458831787,110.741752625,87.3128204346,129.093856812,ssiv_bahia
/home/gustavoneves/data/gemini/dataset/train/balsa/flip-sample-00001431.png,101.0,166.0,261.0,282.0,79.6606750488,56.5834350586,141.869552612,75.8397064209,21.092338562,balsa
/home/gustavoneves/data/gemini/dataset/train/jequitaia/flip-sample-00001827.png,130.0,162.0,454.0,314.0,164.190155029,74.708190918,350.315673828,90.585067749,23.6293792725,jequitaia
/home/gustavoneves/data/gemini/dataset/train/jequitaia/sample-00002826.png,156.0,126.0,506.0,293.0,176.419708252,83.5051879883,378.528289795,91.2033691406,21.0837554932,jequitaia
/home/gustavoneves/data/gemini/dataset/train/ssiv_bahia/flip-sample-00003678.png,397.0,235.0,493.0,307.0,47.4466552734,34.1494445801,87.4497833252,62.4979057312,171.347457886,ssiv_bahia
/home/gustavoneves/data/gemini/dataset/train/ssiv_bahia/flip-sample-00005109.png,261.0,189.0,347.0,246.0,42.4316711426,29.4213562012,78.7816925049,48.9817771912,9.21102905273,ssiv_bahia
/home/gustavoneves/data/gemini/dataset/train/ssiv_bahia/sample-00003150.png,277.0,180.0,405.0,280.0,63.4999694824,54.0,111.844345093,86.3935317993,116.294792175,ssiv_bahia
/home/gustavoneves/data/gemini/dataset/train/ssiv_bahia/sample-00001412.png,152.0,149.0,271.0,243.0,57.5,46.5,110.233657837,71.7393722534,168.05581665,ssiv_bahia
/home/gustavoneves/data/gemini/dataset/train/balsa/flip-sample-00003875.png,181.0,207.0,242.0,307.0,30.0146331787,49.4682922363,97.6398391724,58.0966377258,88.2100906372,balsa
/home/gustavoneves/data/gemini/dataset/train/ssiv_bahia/flip-sample-00001094.png,291.0,168.0,435.0,281.0,71.5205993652,56.5340423584,118.747741699,80.7373199463,148.840698242,ssiv_bahia
/home/gustavoneves/data/gemini/dataset/train/jequitaia/flip-sample-00004958.png,283.0,235.0,595.0,317.0,155.350769043,38.1170043945,311.797485352,68.9223709106,5.27388811111,jequitaia
/home/gustavoneves/data/gemini/dataset/train/ssiv_bahia/flip-sample-00001389.png,445.0,136.0,574.0,239.0,64.4801330566,51.0978393555,118.129562378,81.1845855713,11.5138320923,ssiv_bahia
/home/gustavoneves/data/gemini/dataset/train/ssiv_bahia/sample-00005819.png,238.0,138.0,368.0,220.0,64.5,41.5,125.736686707,78.4874572754,177.53187561,ssiv_bahia
/home/gustavoneves/data/gemini/dataset/train/ssiv_bahia/sample-00005322.png,415.0,158.0,515.0,229.0,49.5000305176,36.0000152588,85.6977081299,55.9723091125,161.565048218,ssiv_bahia
/home/gustavoneves/data/gemini/dataset/train/ssiv_bahia/sample-00003557.png,346.0,107.0,538.0,240.0,95.5,66.4999694824,170.301269531,87.1749801636,149.596572876,ssiv_bahia
/home/gustavoneves/data/gemini/dataset/train/balsa/sample-00003506.png,474.0,236.0,545.0,332.0,35.1996154785,49.3898620605,90.4267501831,55.2712440491,100.191497803,balsa
/home/gustavoneves/data/gemini/dataset/train/jequitaia/sample-00000674.png,199.0,151.0,623.0,243.0,212.196411133,44.0595703125,422.221496582,90.1239395142,4.21909284592,jequitaia
/home/gustavoneves/data/gemini/dataset/train/balsa/flip-sample-00002532.png,249.0,333.0,328.0,373.0,39.0,19.5,78.0,39.0,-0.0,balsa
/home/gustavoneves/data/gemini/dataset/train/jequitaia/sample-00005998.png,188.0,121.0,435.0,287.0,121.539978027,85.7799682617,294.199951172,79.3999862671,36.8698959351,jequitaia
/home/gustavoneves/data/gemini/dataset/train/balsa/flip-sample-00003362.png,148.0,190.0,292.0,282.0,71.6216278076,45.2702789307,133.491958618,72.9931411743,9.4623260498,balsa
/home/gustavoneves/data/gemini/dataset/train/balsa/flip-sample-00000427.png,272.0,12.0,429.0,151.0,77.9984130859,50.6909942627,153.067489624,89.4607696533,58.2010879517,balsa
/home/gustavoneves/data/gemini/dataset/train/jequitaia/flip-sample-00002647.png,202.0,176.0,562.0,307.0,176.649963379,61.5449523926,375.968200684,94.8677902222,161.372131348,jequitaia
/home/gustavoneves/data/gemini/dataset/train/jequitaia/sample-00000372.png,285.0,250.0,568.0,349.0,137.711608887,45.4204711914,280.08972168,69.8395996094,15.422164917,jequitaia
/home/gustavoneves/data/gemini/dataset/train/balsa/sample-00002674.png,356.0,267.0,493.0,352.0,68.0000305176,43.4999694824,125.509864807,60.8627815247,166.970809937,balsa
/home/gustavoneves/data/gemini/dataset/train/balsa/sample-00000711.png,278.0,114.0,418.0,262.0,69.5,76.0,133.682647705,81.4490432739,121.26373291,balsa
/home/gustavoneves/data/gemini/dataset/train/jequitaia/sample-00005935.png,315.0,69.0,480.0,308.0,77.5570068359,118.38343811,282.671661377,75.7246322632,59.7435684204,jequitaia
/home/gustavoneves/data/gemini/dataset/train/ssiv_bahia/flip-sample-00001215.png,345.0,184.0,478.0,283.0,65.923828125,54.275894165,112.419799805,81.7822265625,161.221969604,ssiv_bahia
/home/gustavoneves/data/gemini/dataset/train/balsa/sample-00003049.png,311.0,174.0,455.0,307.0,71.5,64.0000305176,134.311096191,68.6551361084,134.370407104,balsa
/home/gustavoneves/data/gemini/dataset/train/jequitaia/flip-sample-00005412.png,277.0,73.0,421.0,321.0,70.5413818359,124.34072876,274.302459717,81.7240982056,118.610458374,jequitaia
/home/gustavoneves/data/gemini/dataset/train/jequitaia/flip-sample-00004565.png,180.0,72.0,463.0,267.0,142.08001709,95.0599975586,328.200042725,83.6000061035,36.8698997498,jequitaia
/home/gustavoneves/data/gemini/dataset/train/jequitaia/flip-sample-00001450.png,124.0,91.0,427.0,346.0,146.170776367,134.536590576,376.37878418,110.258682251,38.6598052979,jequitaia
/home/gustavoneves/data/gemini/dataset/train/balsa/flip-sample-00000821.png,497.0,124.0,598.0,280.0,49.0740966797,77.5120544434,144.612228394,81.0493545532,99.2602233887,balsa
/home/gustavoneves/data/gemini/dataset/train/ssiv_bahia/sample-00003412.png,317.0,102.0,475.0,232.0,78.4999694824,65.5000152588,137.521697998,89.1391372681,130.383651733,ssiv_bahia
/home/gustavoneves/data/gemini/dataset/train/balsa/sample-00003086.png,340.0,177.0,481.0,304.0,70.4000244141,64.7000427246,125.0,68.0,143.130096436,balsa
/home/gustavoneves/data/gemini/dataset/train/jequitaia/sample-00003905.png,196.0,85.0,496.0,324.0,148.119445801,116.914001465,377.049072266,96.6720809937,35.8033447266,jequitaia
/home/gustavoneves/data/gemini/dataset/train/jequitaia/flip-sample-00002051.png,208.0,176.0,534.0,321.0,163.594482422,75.3049621582,350.693847656,80.1775817871,21.4477310181,jequitaia
/home/gustavoneves/data/gemini/dataset/train/jequitaia/sample-00001658.png,241.0,101.0,536.0,345.0,153.483337402,129.880889893,381.226196289,101.914016724,142.275009155,jequitaia
/home/gustavoneves/data/gemini/dataset/train/balsa/flip-sample-00002607.png,391.0,258.0,469.0,370.0,38.7886352539,55.7610473633,109.00894165,65.10987854,82.7249984741,balsa
/home/gustavoneves/data/gemini/dataset/train/ssiv_bahia/flip-sample-00002741.png,271.0,166.0,395.0,284.0,61.4229125977,60.9761352539,111.044815063,95.1562957764,107.216072083,ssiv_bahia
/home/gustavoneves/data/gemini/dataset/train/ssiv_bahia/flip-sample-00004889.png,331.0,209.0,419.0,260.0,43.5082092285,25.4098358154,83.4739532471,45.6300163269,5.1944270134,ssiv_bahia
/home/gustavoneves/data/gemini/dataset/train/ssiv_bahia/flip-sample-00002693.png,258.0,190.0,374.0,302.0,57.5856018066,53.632232666,111.415718079,90.6462554932,104.574211121,ssiv_bahia
/home/gustavoneves/data/gemini/dataset/train/jequitaia/sample-00003691.png,187.0,96.0,502.0,311.0,157.806884766,106.688827515,370.143798828,90.4723205566,31.6075057983,jequitaia
/home/gustavoneves/data/gemini/dataset/train/ssiv_bahia/sample-00002498.png,349.0,177.0,482.0,280.0,66.0,57.4999694824,108.766799927,81.7482910156,50.9644889832,ssiv_bahia
/home/gustavoneves/data/gemini/dataset/train/ssiv_bahia/flip-sample-00000792.png,313.0,158.0,448.0,271.0,67.0,61.0,106.066017151,83.4385910034,135.0,ssiv_bahia
/home/gustavoneves/data/gemini/dataset/train/jequitaia/sample-00003748.png,179.0,68.0,508.0,315.0,158.287017822,128.712585449,395.707305908,101.516059875,36.5288543701,jequitaia
/home/gustavoneves/data/gemini/dataset/train/balsa/sample-00000335.png,108.0,75.0,218.0,245.0,55.0,84.5,158.501235962,91.3146514893,82.5525817871,balsa
/home/gustavoneves/data/gemini/dataset/train/jequitaia/sample-00005753.png,273.0,56.0,448.0,286.0,80.7270202637,117.761199951,278.986999512,76.8663406372,54.5742263794,jequitaia
/home/gustavoneves/data/gemini/dataset/train/balsa/sample-00000325.png,118.0,78.0,218.0,249.0,48.5,85.0,162.528717041,86.7491912842,84.5767822266,balsa
/home/gustavoneves/data/gemini/dataset/train/balsa/flip-sample-00002185.png,458.0,131.0,531.0,251.0,37.2569580078,59.4934387207,117.308525085,72.6761627197,91.5481567383,balsa
/home/gustavoneves/data/gemini/dataset/train/ssiv_bahia/flip-sample-00005526.png,165.0,184.0,265.0,257.0,49.528427124,36.9180297852,85.664352417,55.8755989075,19.133644104,ssiv_bahia
/home/gustavoneves/data/gemini/dataset/train/balsa/sample-00000094.png,297.0,137.0,441.0,282.0,71.5000305176,71.0000152588,135.103469849,76.1318054199,127.836456299,balsa
/home/gustavoneves/data/gemini/dataset/train/jequitaia/flip-sample-00002111.png,167.0,194.0,526.0,282.0,179.435668945,42.1435699463,362.890075684,80.9960250854,5.71059417725,jequitaia
/home/gustavoneves/data/gemini/dataset/train/balsa/flip-sample-00001993.png,404.0,164.0,479.0,277.0,37.099029541,55.9900970459,118.807426453,63.4833641052,84.2894058228,balsa
/home/gustavoneves/data/gemini/dataset/train/jequitaia/sample-00002088.png,193.0,183.0,519.0,314.0,162.443664551,67.8146057129,344.68548584,77.7567977905,163.101348877,jequitaia
/home/gustavoneves/data/gemini/dataset/train/ssiv_bahia/flip-sample-00002196.png,318.0,151.0,450.0,266.0,65.4556274414,59.8210296631,105.120811462,86.820350647,125.166435242,ssiv_bahia
/home/gustavoneves/data/gemini/dataset/train/balsa/sample-00002380.png,414.0,251.0,505.0,314.0,44.9764709473,32.9239807129,80.6534118652,43.9658927917,162.801452637,balsa
/home/gustavoneves/data/gemini/dataset/train/jequitaia/sample-00002123.png,198.0,188.0,556.0,280.0,177.653869629,43.7692565918,363.419586182,73.2730789185,167.2212677,jequitaia
/home/gustavoneves/data/gemini/dataset/train/balsa/flip-sample-00001012.png,239.0,8.0,383.0,142.0,71.3968200684,59.1848831177,125.435928345,83.7698287964,51.5462913513,balsa
/home/gustavoneves/data/gemini/dataset/train/balsa/flip-sample-00000802.png,487.0,124.0,579.0,272.0,46.6616821289,73.5675048828,142.350753784,83.9921112061,94.2363891602,balsa
/home/gustavoneves/data/gemini/dataset/train/jequitaia/sample-00001578.png,277.0,112.0,552.0,339.0,141.687744141,119.907470703,350.125061035,96.5445098877,141.499343872,jequitaia
/home/gustavoneves/data/gemini/dataset/train/ssiv_bahia/sample-00004586.png,366.0,226.0,477.0,305.0,54.9999694824,42.9999694824,92.1988677979,60.5257835388,150.875946045,ssiv_bahia
/home/gustavoneves/data/gemini/dataset/train/balsa/sample-00001661.png,295.0,194.0,378.0,305.0,41.0,55.0,104.151931763,57.2046661377,104.85861969,balsa
/home/gustavoneves/data/gemini/dataset/train/jequitaia/flip-sample-00002601.png,195.0,176.0,529.0,337.0,166.219787598,78.6044006348,356.924041748,84.7696533203,162.627746582,jequitaia
/home/gustavoneves/data/gemini/dataset/train/jequitaia/flip-sample-00001956.png,160.0,161.0,509.0,326.0,174.772521973,85.0889129639,380.351776123,96.0446472168,22.0112838745,jequitaia
/home/gustavoneves/data/gemini/dataset/train/ssiv_bahia/sample-00004406.png,381.0,212.0,497.0,298.0,57.5000305176,45.0,94.2512130737,66.1642684937,147.917816162,ssiv_bahia
/home/gustavoneves/data/gemini/dataset/train/jequitaia/sample-00004800.png,375.0,122.0,677.0,258.0,148.812011719,68.6019897461,319.876434326,84.5321807861,159.646774292,jequitaia
/home/gustavoneves/data/gemini/dataset/train/balsa/flip-sample-00003522.png,187.0,234.0,254.0,327.0,34.5667877197,47.2796936035,86.5148162842,54.7240867615,78.9590606689,balsa
/home/gustavoneves/data/gemini/dataset/train/jequitaia/sample-00004115.png,260.0,57.0,503.0,336.0,116.856323242,138.747741699,362.577514648,95.4252166748,51.9112281799,jequitaia
/home/gustavoneves/data/gemini/dataset/train/jequitaia/sample-00001537.png,279.0,123.0,559.0,335.0,144.962921143,114.010345459,339.864196777,97.56690979,145.922805786,jequitaia
/home/gustavoneves/data/gemini/dataset/train/jequitaia/flip-sample-00001328.png,113.0,97.0,399.0,333.0,140.516403198,122.18031311,354.918243408,88.2174224854,39.8055686951,jequitaia
/home/gustavoneves/data/gemini/dataset/train/jequitaia/sample-00005782.png,407.0,77.0,511.0,328.0,52.2746887207,123.579498291,261.301635742,76.545135498,78.1579284668,jequitaia
/home/gustavoneves/data/gemini/dataset/train/balsa/flip-sample-00002578.png,415.0,271.0,493.0,371.0,38.4233703613,50.1642150879,98.9588241577,66.9786911011,96.5819473267,balsa
/home/gustavoneves/data/gemini/dataset/train/ssiv_bahia/sample-00000552.png,340.0,179.0,452.0,272.0,55.5,45.9999694824,90.7170944214,64.0890731812,142.696044922,ssiv_bahia
/home/gustavoneves/data/gemini/dataset/train/jequitaia/flip-sample-00004231.png,274.0,51.0,515.0,339.0,127.10333252,145.653930664,368.245452881,93.3304977417,130.179229736,jequitaia
/home/gustavoneves/data/gemini/dataset/train/balsa/sample-00001032.png,348.0,14.0,513.0,160.0,81.2576293945,58.3566055298,158.795471191,81.3625183105,130.914382935,balsa
/home/gustavoneves/data/gemini/dataset/train/balsa/flip-sample-00003193.png,184.0,209.0,323.0,299.0,69.0293579102,44.865814209,127.119125366,67.5587463379,12.3390884399,balsa
/home/gustavoneves/data/gemini/dataset/train/ssiv_bahia/flip-sample-00000152.png,279.0,193.0,405.0,301.0,62.4180297852,55.0983428955,102.429504395,73.1090545654,39.8055725098,ssiv_bahia
/home/gustavoneves/data/gemini/dataset/train/ssiv_bahia/flip-sample-00004610.png,239.0,237.0,348.0,307.0,54.0311279297,37.4108886719,94.9993438721,56.2539596558,19.2900466919,ssiv_bahia
/home/gustavoneves/data/gemini/dataset/train/ssiv_bahia/flip-sample-00002289.png,306.0,149.0,437.0,267.0,64.9264526367,60.455871582,102.041671753,90.8942489624,120.963760376,ssiv_bahia
/home/gustavoneves/data/gemini/dataset/train/jequitaia/flip-sample-00003021.png,278.0,140.0,625.0,305.0,171.246154785,84.2232666016,372.311096191,88.3055114746,155.907974243,jequitaia
/home/gustavoneves/data/gemini/dataset/train/jequitaia/flip-sample-00003735.png,215.0,86.0,534.0,312.0,164.110778809,117.844482422,376.708343506,99.7691802979,146.915145874,jequitaia
/home/gustavoneves/data/gemini/dataset/train/balsa/sample-00000003.png,338.0,182.0,491.0,316.0,72.764831543,71.0925750732,140.037155151,79.352722168,140.376708984,balsa
/home/gustavoneves/data/gemini/dataset/train/balsa/sample-00000544.png,278.0,136.0,399.0,286.0,59.9999694824,74.5,141.953613281,81.0566101074,107.504478455,balsa
/home/gustavoneves/data/gemini/dataset/train/jequitaia/sample-00003960.png,201.0,70.0,501.0,315.0,142.236450195,123.91053772,377.123718262,95.072265625,42.7093887329,jequitaia
/home/gustavoneves/data/gemini/dataset/train/jequitaia/sample-00002277.png,133.0,176.0,512.0,294.0,187.993469238,58.9146575928,387.597808838,88.2311248779,166.159301758,jequitaia
/home/gustavoneves/data/gemini/dataset/train/ssiv_bahia/flip-sample-00000176.png,273.0,187.0,399.0,295.0,62.5787963867,56.9040222168,100.399215698,75.2304229736,39.4006614685,ssiv_bahia
/home/gustavoneves/data/gemini/dataset/train/ssiv_bahia/sample-00000521.png,332.0,129.0,466.0,245.0,66.5000305176,61.5,106.838249207,79.7219543457,139.398712158,ssiv_bahia
/home/gustavoneves/data/gemini/dataset/train/jequitaia/sample-00001586.png,283.0,99.0,553.0,337.0,144.340270996,129.075302124,354.024993896,90.4141235352,143.447525024,jequitaia
/home/gustavoneves/data/gemini/dataset/train/jequitaia/flip-sample-00002892.png,224.0,119.0,556.0,304.0,163.900024414,88.3000183105,375.212219238,89.8899230957,153.434951782,jequitaia
/home/gustavoneves/data/gemini/dataset/train/jequitaia/flip-sample-00004522.png,85.0,218.0,333.0,306.0,125.82371521,45.3945617676,246.621429443,71.3241348267,171.416381836,jequitaia
/home/gustavoneves/data/gemini/dataset/train/ssiv_bahia/sample-00005063.png,361.0,193.0,449.0,251.0,43.5000305176,29.5000305176,80.1706085205,48.6484603882,170.665008545,ssiv_bahia
/home/gustavoneves/data/gemini/dataset/train/ssiv_bahia/sample-00003076.png,348.0,156.0,494.0,268.0,72.5,58.5,135.006500244,100.116149902,113.061523438,ssiv_bahia
/home/gustavoneves/data/gemini/dataset/train/balsa/flip-sample-00001414.png,198.0,78.0,344.0,223.0,72.526184082,71.9763183594,130.333709717,78.7087097168,47.8624038696,balsa
/home/gustavoneves/data/gemini/dataset/train/balsa/sample-00000206.png,185.0,117.0,277.0,259.0,45.5000152588,69.0,141.557800293,82.0876998901,93.678237915,balsa
/home/gustavoneves/data/gemini/dataset/train/jequitaia/flip-sample-00003236.png,265.0,174.0,623.0,324.0,178.311096191,79.4017333984,381.985168457,88.6831970215,162.47442627,jequitaia
/home/gustavoneves/data/gemini/dataset/train/jequitaia/flip-sample-00005140.png,245.0,115.0,530.0,283.0,140.200012207,79.9000244141,316.179992676,82.2873001099,153.434951782,jequitaia
/home/gustavoneves/data/gemini/dataset/train/ssiv_bahia/flip-sample-00000964.png,280.0,173.0,416.0,291.0,67.5000305176,65.0000305176,106.773124695,84.1456985474,135.0,ssiv_bahia
